1  =>  [   1.            1.           86.18641703  -10.14325415   26.95365462 325.18957746  -73.48072027  459.9329193  -143.52807369  219.79757872 -139.95838041  137.05238991  -72.23924818   19.05550837   31.4324617 -113.15679861   65.65142174 -129.86244627   93.63336581 -284.99782737]
1  =>  [   1.            1.           68.12504404   22.89740196  -23.35530669 335.24573464 -108.33339739  413.55764716 -138.66838846  163.07591652 -72.52744126  104.26975271  -30.12377551   18.08613126   43.37893409 -56.96227231   40.9965494  -107.54698338   71.65968097 -308.67781384]
1  =>  [   1.            1.          139.54618727   19.78958138   32.36870909 361.08202436 -102.96052948  454.37782257 -139.47866422  211.8533893 -129.60244587  164.67266834  -64.29258697   70.38327804   39.6038666 -108.11425577   98.92146445 -165.66358619   93.24432377 -348.05750147]
2  =>  [   1.            1.          142.33468976    3.25417607   50.32618173 352.30159635  -51.89061169  449.19016403 -157.94015215  222.71478002 -184.23499653  186.34846133 -137.82215695   65.68703731  -13.3782277 -64.36121356   52.09247406 -181.65398126  149.87596771 -363.91886292]
2  =>  [   1.            1.           82.47118787   -1.09070942   -2.10979289 276.30429684  -58.55005675  362.24230142 -121.80987335  164.01778219 -120.84233077  126.39990768  -91.54044176   71.58980058  -21.3881789 -60.7915742     4.36655765 -137.12707186  115.93599758 -301.78097226]
2  =>  [   1.            1.          132.40506413   17.13120911   15.16882955 265.682663    -83.98327992  325.2335047  -154.02214604  145.25815604 -142.99429496  123.10720571  -79.55220946   56.52207361   12.63929313 -63.11215206   49.35682738 -120.59082938  132.44985672 -232.69746979]
3  =>  [ 1.00000000e+00  1.00000000e+00  1.10944545e+02  1.08803556e+01 3.17227176e+01  2.92484435e+02 -4.10658722e+01  3.64528504e+02 -1.38377625e+02  1.87191492e+02 -1.41735723e+02  1.89112278e+02 -8.95144796e+01  8.75113343e+01 -2.86901730e-01 -4.57799335e+01 4.47481973e+01 -1.67374800e+02  1.09567941e+02 -3.49420606e+02]
3  =>  [   1.            1.           74.36264912    2.2565878    41.45570101 305.76620935  -65.39735638  393.11972332 -157.94006162  186.3919084 -135.74014361  121.64320305  -62.29841264   33.95617135    1.19849267 -77.51744318   39.61761578 -158.98667362  128.92880453 -315.28133294]
3  =>  [   1.            1.          105.66440773   80.09059522   -5.45001559 482.88945483 -165.91759246  603.67443651 -238.93089679  289.1892486 -133.71946048  153.22111398  -39.57110547   12.01688742   71.1302651 -129.80409493  115.65130548 -173.51668292   36.42837036 -414.26682977]
4  =>  [   1.            1.           98.73069134   20.39925661   20.31693653 302.74659346  -84.13755353  406.33378275 -157.81262852  193.94336778 -116.62993973  114.75034926  -58.71012278   22.05754867   21.34093753 -74.83646351   59.18743429 -121.10205544   86.22707952 -295.75317302]
4  =>  [   1.            1.           51.92180969   58.61938803   70.59918184 323.29134867  -61.10747621  392.80592878 -154.14421362  186.13365805 -132.34092286  143.78358231  -55.23714128   70.69981019   24.38867187 -55.4610834    69.7188986  -128.73607007  134.13158568 -308.74964057]
4  =>  [   1.            1.           90.43654306   10.16073792    6.16648023 303.17527676  -89.82385496  372.39819478 -152.16592974  133.85903277 -117.75688021   59.24336124  -61.50251918   -2.78657495   16.94465633 -87.54882722   57.93575437 -102.75046076   95.09467666 -240.59478637]
5  =>  [   1.            1.          119.60847728  -29.29054139    9.55880164 301.78056082  -92.13670527  449.02110777 -158.12628114  230.60821877 -124.9877327   158.15581208  -69.76496719   85.32209809   -9.39296011 -59.8171126     8.59905905 -170.61727343  127.84830405 -371.482807  ]
5  =>  [   1.            1.          138.18749409   48.63783859   40.06420677 342.94201235  -57.42250605  384.95589593 -148.91353411  158.59437323 -161.65690551  134.44136676 -104.23422282   57.60023625    5.16890122 -44.49132514   64.46854926 -132.09641267  199.03574933 -284.21964706]
5  =>  [   1.            1.           69.92936539   14.95547351    2.65938743 307.96717436  -97.11852247  401.21754614 -183.99935488  219.67629059 -175.79733095  202.58492496  -69.51479127   88.83778872   37.96188807 -92.4085101    71.80025297 -186.16877798  105.27889652 -360.93624904]
